,subjID,experimentName,versionName,sequenceName,url,selected_row,windowWidth,windowHeight,screenWidth,screenHeight,startDate,startTime,trial,stimulus_0,stimulus_1,duration,actual_depth_0,actual_depth_1,discrim_choice,trial_RT,log_fixation,log_sceneDuration1,log_mask1,log_sceneDuration2,log_mask2,experimentTime,totalTime,age,gender
0,453602,DepthScenes,v2_duration_discrimination,discrim_jsons/Discrim1000_randls_10_rotated.json,http://54.235.29.9/FacialAge/BNav_EC2/DepthDuration/v2_depth_discrimination_MTurk/v2_DepthDiscrim_HTML.html#321,321,1327,576,1366,768,9-17-2022,12-55-2,1,depth_discrimination_stimuli/003423_2014-05-21_10-23-26_094959634447_rgbf002665-resize_2/003423_2014-05-21_10-23-26_094959634447_rgbf002665-resize_2-target.png,depth_discrimination_stimuli/002905_2014-06-03_18-04-43_094959634447_rgbf000151-resize_2/002905_2014-06-03_18-04-43_094959634447_rgbf000151-resize_2-target.png,1000.0,3.2575,2.0295,1.0,1757,1020,992,995,1007,511,,545953,38,Man
1,453602,DepthScenes,v2_duration_discrimination,discrim_jsons/Discrim1000_randls_10_rotated.json,http://54.235.29.9/FacialAge/BNav_EC2/DepthDuration/v2_depth_discrimination_MTurk/v2_DepthDiscrim_HTML.html#321,321,1327,576,1366,768,9-17-2022,12-55-2,2,depth_discrimination_stimuli/003495_2014-05-21_16-01-51_094959634447_rgbf000100-resize_3/003495_2014-05-21_16-01-51_094959634447_rgbf000100-resize_3-target.png,depth_discrimination_stimuli/001244_2014-06-17_16-47-45_260595134347_rgbf000030-resize_4/001244_2014-06-17_16-47-45_260595134347_rgbf000030-resize_4-target.png,1000.0,1.6255,2.0425,0.0,2442,1001,1013,991,1000,499,,545953,38,Man
2,453602,DepthScenes,v2_duration_discrimination,discrim_jsons/Discrim1000_randls_10_rotated.json,http://54.235.29.9/FacialAge/BNav_EC2/DepthDuration/v2_depth_discrimination_MTurk/v2_DepthDiscrim_HTML.html#321,321,1327,576,1366,768,9-17-2022,12-55-2,3,depth_discrimination_stimuli/002545_2014-06-24_13-38-53_094959634447_rgbf000080-resize_4/002545_2014-06-24_13-38-53_094959634447_rgbf000080-resize_4-target.png,depth_discrimination_stimuli/001092_2014-06-15_17-34-58_260595134347_rgbf000171-resize_3/001092_2014-06-15_17-34-58_260595134347_rgbf000171-resize_3-target.png,1000.0,1.9205,2.6935,0.0,1762,1010,1004,1014,993,484,,545953,38,Man
3,453602,DepthScenes,v2_duration_discrimination,discrim_jsons/Discrim1000_randls_10_rotated.json,http://54.235.29.9/FacialAge/BNav_EC2/DepthDuration/v2_depth_discrimination_MTurk/v2_DepthDiscrim_HTML.html#321,321,1327,576,1366,768,9-17-2022,12-55-2,4,depth_discrimination_stimuli/001136_2014-06-17_15-19-41_260595134347_rgbf000076-resize_3/001136_2014-06-17_15-19-41_260595134347_rgbf000076-resize_3-target.png,depth_discrimination_stimuli/001164_2014-06-17_15-35-46_260595134347_rgbf000085-resize_3/001164_2014-06-17_15-35-46_260595134347_rgbf000085-resize_3-target.png,1000.0,1.8655,2.354,0.0,1829,1004,1010,998,1010,490,,545953,38,Man
4,453602,DepthScenes,v2_duration_discrimination,discrim_jsons/Discrim1000_randls_10_rotated.json,http://54.235.29.9/FacialAge/BNav_EC2/DepthDuration/v2_depth_discrimination_MTurk/v2_DepthDiscrim_HTML.html#321,321,1327,576,1366,768,9-17-2022,12-55-2,5,depth_discrimination_stimuli/003490_2014-05-21_15-50-11_094959634447_rgbf000101-resize_3/003490_2014-05-21_15-50-11_094959634447_rgbf000101-resize_3-target.png,depth_discrimination_stimuli/001175_2014-06-17_15-45-55_260595134347_rgbf000129-resize_4/001175_2014-06-17_15-45-55_260595134347_rgbf000129-resize_4-target.png,1000.0,3.6445,4.255,0.0,1771,1002,1000,1002,1001,501,,545953,38,Man
5,453602,DepthScenes,v2_duration_discrimination,discrim_jsons/Discrim1000_randls_10_rotated.json,http://54.235.29.9/FacialAge/BNav_EC2/DepthDuration/v2_depth_discrimination_MTurk/v2_DepthDiscrim_HTML.html#321,321,1327,576,1366,768,9-17-2022,12-55-2,6,depth_discrimination_stimuli/000137_2014-05-20_17-04-49_260595134347_rgbf000120-resize_1/000137_2014-05-20_17-04-49_260595134347_rgbf000120-resize_1-target.png,depth_discrimination_stimuli/000736_2014-06-08_18-24-15_260595134347_rgbf000206-resize_3/000736_2014-06-08_18-24-15_260595134347_rgbf000206-resize_3-target.png,1000.0,3.786,3.515,1.0,1666,1010,1002,997,997,513,,545953,38,Man
6,453602,DepthScenes,v2_duration_discrimination,discrim_jsons/Discrim1000_randls_10_rotated.json,http://54.235.29.9/FacialAge/BNav_EC2/DepthDuration/v2_depth_discrimination_MTurk/v2_DepthDiscrim_HTML.html#321,321,1327,576,1366,768,9-17-2022,12-55-2,7,depth_discrimination_stimuli/002340_2014-06-28_20-05-46_260595134347_rgbf000113-resize_0/002340_2014-06-28_20-05-46_260595134347_rgbf000113-resize_0-target.png,depth_discrimination_stimuli/001016_2014-06-09_16-16-10_260595134347_rgbf000112-resize_5/001016_2014-06-09_16-16-10_260595134347_rgbf000112-resize_5-target.png,1000.0,2.4735,1.6565,1.0,1766,1014,998,999,1002,497,,545953,38,Man
7,453602,DepthScenes,v2_duration_discrimination,discrim_jsons/Discrim1000_randls_10_rotated.json,http://54.235.29.9/FacialAge/BNav_EC2/DepthDuration/v2_depth_discrimination_MTurk/v2_DepthDiscrim_HTML.html#321,321,1327,576,1366,768,9-17-2022,12-55-2,8,depth_discrimination_stimuli/001584_2014-06-20_11-07-43_260595134347_rgbf000002-resize_1/001584_2014-06-20_11-07-43_260595134347_rgbf000002-resize_1-target.png,depth_discrimination_stimuli/003621_2014-05-23_18-06-08_094959634447_rgbf000101-resize_1/003621_2014-05-23_18-06-08_094959634447_rgbf000101-resize_1-target.png,1000.0,3.53,3.9835,0.0,1786,1028,977,1015,993,502,,545953,38,Man
8,453602,DepthScenes,v2_duration_discrimination,discrim_jsons/Discrim1000_randls_10_rotated.json,http://54.235.29.9/FacialAge/BNav_EC2/DepthDuration/v2_depth_discrimination_MTurk/v2_DepthDiscrim_HTML.html#321,321,1327,576,1366,768,9-17-2022,12-55-2,9,depth_discrimination_stimuli/002103_2014-06-25_20-00-40_260595134347_rgbf000049-resize_0/002103_2014-06-25_20-00-40_260595134347_rgbf000049-resize_0-target.png,depth_discrimination_stimuli/002039_2014-06-24_20-22-38_260595134347_rgbf000084-resize_1/002039_2014-06-24_20-22-38_260595134347_rgbf000084-resize_1-target.png,1000.0,4.105,4.408,0.0,1889,1009,997,1000,1001,497,,545953,38,Man
9,453602,DepthScenes,v2_duration_discrimination,discrim_jsons/Discrim1000_randls_10_rotated.json,http://54.235.29.9/FacialAge/BNav_EC2/DepthDuration/v2_depth_discrimination_MTurk/v2_DepthDiscrim_HTML.html#321,321,1327,576,1366,768,9-17-2022,12-55-2,10,depth_discrimination_stimuli/001498_2014-06-19_17-45-14_260595134347_rgbf000129-resize_4/001498_2014-06-19_17-45-14_260595134347_rgbf000129-resize_4-target.png,depth_discrimination_stimuli/001498_2014-06-19_17-45-14_260595134347_rgbf000129-resize_4/001498_2014-06-19_17-45-14_260595134347_rgbf000129-resize_4-target.png,1000.0,1.4075,1.4075,3.0,1811,1010,1010,988,997,502,,545953,38,Man
10,453602,DepthScenes,v2_duration_discrimination,discrim_jsons/Discrim1000_randls_10_rotated.json,http://54.235.29.9/FacialAge/BNav_EC2/DepthDuration/v2_depth_discrimination_MTurk/v2_DepthDiscrim_HTML.html#321,321,1327,576,1366,768,9-17-2022,12-55-2,11,depth_discrimination_stimuli/002660_2014-06-13_15-44-18_094959634447_rgbf001878-resize_2/002660_2014-06-13_15-44-18_094959634447_rgbf001878-resize_2-target.png,depth_discrimination_stimuli/002153_2014-06-25_21-27-18_260595134347_rgbf000038-resize_5/002153_2014-06-25_21-27-18_260595134347_rgbf000038-resize_5-target.png,1000.0,3.576,2.505,1.0,1793,1023,987,993,998,499,,545953,38,Man
11,453602,DepthScenes,v2_duration_discrimination,discrim_jsons/Discrim1000_randls_10_rotated.json,http://54.235.29.9/FacialAge/BNav_EC2/DepthDuration/v2_depth_discrimination_MTurk/v2_DepthDiscrim_HTML.html#321,321,1327,576,1366,768,9-17-2022,12-55-2,12,depth_discrimination_stimuli/002209_2014-06-28_18-36-10_260595134347_rgbf000051-resize_1/002209_2014-06-28_18-36-10_260595134347_rgbf000051-resize_1-target.png,depth_discrimination_stimuli/002763_2014-06-22_19-13-10_094959634447_rgbf000075-resize_4/002763_2014-06-22_19-13-10_094959634447_rgbf000075-resize_4-target.png,1000.0,2.057,1.68375,1.0,1813,1027,979,996,1000,499,,545953,38,Man
12,453602,DepthScenes,v2_duration_discrimination,discrim_jsons/Discrim1000_randls_10_rotated.json,http://54.235.29.9/FacialAge/BNav_EC2/DepthDuration/v2_depth_discrimination_MTurk/v2_DepthDiscrim_HTML.html#321,321,1327,576,1366,768,9-17-2022,12-55-2,13,depth_discrimination_stimuli/002568_2014-06-24_13-59-21_094959634447_rgbf000062-resize_4/002568_2014-06-24_13-59-21_094959634447_rgbf000062-resize_4-target.png,depth_discrimination_stimuli/003492_2014-05-21_15-50-55_094959634447_rgbf000828-resize_1/003492_2014-05-21_15-50-55_094959634447_rgbf000828-resize_1-target.png,1000.0,3.015,4.06875,0.0,1839,1005,988,1042,960,495,,545953,38,Man
13,453602,DepthScenes,v2_duration_discrimination,discrim_jsons/Discrim1000_randls_10_rotated.json,http://54.235.29.9/FacialAge/BNav_EC2/DepthDuration/v2_depth_discrimination_MTurk/v2_DepthDiscrim_HTML.html#321,321,1327,576,1366,768,9-17-2022,12-55-2,14,depth_discrimination_stimuli/003079_2014-06-15_15-18-20_094959634447_rgbf000152-resize_8/003079_2014-06-15_15-18-20_094959634447_rgbf000152-resize_8-target.png,depth_discrimination_stimuli/000506_2014-06-08_23-21-00_260595134347_rgbf000070-resize_7/000506_2014-06-08_23-21-00_260595134347_rgbf000070-resize_7-target.png,1000.0,2.8775,4.0585,0.0,2524,1016,985,1010,1004,503,,545953,38,Man
14,453602,DepthScenes,v2_duration_discrimination,discrim_jsons/Discrim1000_randls_10_rotated.json,http://54.235.29.9/FacialAge/BNav_EC2/DepthDuration/v2_depth_discrimination_MTurk/v2_DepthDiscrim_HTML.html#321,321,1327,576,1366,768,9-17-2022,12-55-2,15,depth_discrimination_stimuli/003129_2014-05-12_10-48-10_094959634447_rgbf000100-resize_0/003129_2014-05-12_10-48-10_094959634447_rgbf000100-resize_0-target.png,depth_discrimination_stimuli/000414_2014-06-04_19-49-13_260595134347_rgbf000044-resize_0/000414_2014-06-04_19-49-13_260595134347_rgbf000044-resize_0-target.png,1000.0,4.9305,4.329,1.0,1831,1015,1001,998,996,506,,545953,38,Man
15,453602,DepthScenes,v2_duration_discrimination,discrim_jsons/Discrim1000_randls_10_rotated.json,http://54.235.29.9/FacialAge/BNav_EC2/DepthDuration/v2_depth_discrimination_MTurk/v2_DepthDiscrim_HTML.html#321,321,1327,576,1366,768,9-17-2022,12-55-2,16,depth_discrimination_stimuli/002072_2014-06-24_21-48-06_260595134347_rgbf000115-resize_0/002072_2014-06-24_21-48-06_260595134347_rgbf000115-resize_0-target.png,depth_discrimination_stimuli/002072_2014-06-24_21-48-06_260595134347_rgbf000115-resize_0/002072_2014-06-24_21-48-06_260595134347_rgbf000115-resize_0-target.png,1000.0,4.702,4.702,3.0,1727,1016,987,1010,997,501,,545953,38,Man
16,453602,DepthScenes,v2_duration_discrimination,discrim_jsons/Discrim1000_randls_10_rotated.json,http://54.235.29.9/FacialAge/BNav_EC2/DepthDuration/v2_depth_discrimination_MTurk/v2_DepthDiscrim_HTML.html#321,321,1327,576,1366,768,9-17-2022,12-55-2,17,depth_discrimination_stimuli/000780_2014-06-08_22-28-29_260595134347_rgbf000126-resize_1/000780_2014-06-08_22-28-29_260595134347_rgbf000126-resize_1-target.png,depth_discrimination_stimuli/002445_2014-06-28_20-32-16_260595134347_rgbf000029-resize_4/002445_2014-06-28_20-32-16_260595134347_rgbf000029-resize_4-target.png,1000.0,3.3825,2.5315,1.0,1725,1011,996,1003,992,500,,545953,38,Man
17,453602,DepthScenes,v2_duration_discrimination,discrim_jsons/Discrim1000_randls_10_rotated.json,http://54.235.29.9/FacialAge/BNav_EC2/DepthDuration/v2_depth_discrimination_MTurk/v2_DepthDiscrim_HTML.html#321,321,1327,576,1366,768,9-17-2022,12-55-2,18,depth_discrimination_stimuli/002750_2014-06-22_19-08-03_094959634447_rgbf000094-resize_4/002750_2014-06-22_19-08-03_094959634447_rgbf000094-resize_4-target.png,depth_discrimination_stimuli/002549_2014-06-24_13-41-39_094959634447_rgbf000022-resize_3/002549_2014-06-24_13-41-39_094959634447_rgbf000022-resize_3-target.png,1000.0,2.354,1.476,1.0,1952,1001,999,1002,998,511,,545953,38,Man
18,453602,DepthScenes,v2_duration_discrimination,discrim_jsons/Discrim1000_randls_10_rotated.json,http://54.235.29.9/FacialAge/BNav_EC2/DepthDuration/v2_depth_discrimination_MTurk/v2_DepthDiscrim_HTML.html#321,321,1327,576,1366,768,9-17-2022,12-55-2,19,depth_discrimination_stimuli/001235_2014-06-17_16-37-36_260595134347_rgbf000084-resize_4/001235_2014-06-17_16-37-36_260595134347_rgbf000084-resize_4-target.png,depth_discrimination_stimuli/000788_2014-06-08_22-34-36_260595134347_rgbf000131-resize_1/000788_2014-06-08_22-34-36_260595134347_rgbf000131-resize_1-target.png,1000.0,3.6605,3.359,0.0,1798,1010,1000,996,1000,498,,545953,38,Man
19,453602,DepthScenes,v2_duration_discrimination,discrim_jsons/Discrim1000_randls_10_rotated.json,http://54.235.29.9/FacialAge/BNav_EC2/DepthDuration/v2_depth_discrimination_MTurk/v2_DepthDiscrim_HTML.html#321,321,1327,576,1366,768,9-17-2022,12-55-2,20,depth_discrimination_stimuli/002995_2014-06-15_12-31-26_094959634447_rgbf000150-resize_1/002995_2014-06-15_12-31-26_094959634447_rgbf000150-resize_1-target.png,depth_discrimination_stimuli/002748_2014-06-22_19-07-22_094959634447_rgbf000078-resize_1/002748_2014-06-22_19-07-22_094959634447_rgbf000078-resize_1-target.png,1000.0,3.8360000000000003,4.6705,0.0,1686,1001,1005,1008,986,498,,545953,38,Man
20,453602,DepthScenes,v2_duration_discrimination,discrim_jsons/Discrim1000_randls_10_rotated.json,http://54.235.29.9/FacialAge/BNav_EC2/DepthDuration/v2_depth_discrimination_MTurk/v2_DepthDiscrim_HTML.html#321,321,1327,576,1366,768,9-17-2022,12-55-2,21,depth_discrimination_stimuli/000943_2014-06-09_19-31-07_260595134347_rgbf000128-resize_1/000943_2014-06-09_19-31-07_260595134347_rgbf000128-resize_1-target.png,depth_discrimination_stimuli/003070_2014-06-15_14-58-27_094959634447_rgbf000150-resize_3/003070_2014-06-15_14-58-27_094959634447_rgbf000150-resize_3-target.png,1000.0,1.9765,2.9415,0.0,1643,1014,986,1001,1006,526,,545953,38,Man
21,453602,DepthScenes,v2_duration_discrimination,discrim_jsons/Discrim1000_randls_10_rotated.json,http://54.235.29.9/FacialAge/BNav_EC2/DepthDuration/v2_depth_discrimination_MTurk/v2_DepthDiscrim_HTML.html#321,321,1327,576,1366,768,9-17-2022,12-55-2,22,depth_discrimination_stimuli/002805_2014-06-22_19-54-03_094959634447_rgbf000079-resize_1/002805_2014-06-22_19-54-03_094959634447_rgbf000079-resize_1-target.png,depth_discrimination_stimuli/000906_2014-06-08_13-35-43_260595134347_rgbf000155-resize_1/000906_2014-06-08_13-35-43_260595134347_rgbf000155-resize_1-target.png,1000.0,3.1439999999999997,2.8489999999999998,1.0,1725,1006,1010,1003,983,512,,545953,38,Man
22,453602,DepthScenes,v2_duration_discrimination,discrim_jsons/Discrim1000_randls_10_rotated.json,http://54.235.29.9/FacialAge/BNav_EC2/DepthDuration/v2_depth_discrimination_MTurk/v2_DepthDiscrim_HTML.html#321,321,1327,576,1366,768,9-17-2022,12-55-2,23,depth_discrimination_stimuli/002344_2014-06-28_20-06-29_260595134347_rgbf000030-resize_1/002344_2014-06-28_20-06-29_260595134347_rgbf000030-resize_1-target.png,depth_discrimination_stimuli/002725_2014-06-22_11-47-51_094959634447_rgbf000070-resize_1/002725_2014-06-22_11-47-51_094959634447_rgbf000070-resize_1-target.png,1000.0,1.5795,2.195,0.0,1755,1006,996,1007,993,506,,545953,38,Man
23,453602,DepthScenes,v2_duration_discrimination,discrim_jsons/Discrim1000_randls_10_rotated.json,http://54.235.29.9/FacialAge/BNav_EC2/DepthDuration/v2_depth_discrimination_MTurk/v2_DepthDiscrim_HTML.html#321,321,1327,576,1366,768,9-17-2022,12-55-2,24,depth_discrimination_stimuli/000734_2014-06-08_17-39-11_260595134347_rgbf000128-resize_2/000734_2014-06-08_17-39-11_260595134347_rgbf000128-resize_2-target.png,depth_discrimination_stimuli/000739_2014-06-08_18-45-58_260595134347_rgbf000068-resize_1/000739_2014-06-08_18-45-58_260595134347_rgbf000068-resize_1-target.png,1000.0,4.098,3.534,0.0,1969,1004,1000,997,1000,502,,545953,38,Man
24,453602,DepthScenes,v2_duration_discrimination,discrim_jsons/Discrim1000_randls_10_rotated.json,http://54.235.29.9/FacialAge/BNav_EC2/DepthDuration/v2_depth_discrimination_MTurk/v2_DepthDiscrim_HTML.html#321,321,1327,576,1366,768,9-17-2022,12-55-2,25,depth_discrimination_stimuli/001650_2014-06-20_12-09-00_260595134347_rgbf000087-resize_3/001650_2014-06-20_12-09-00_260595134347_rgbf000087-resize_3-target.png,depth_discrimination_stimuli/000682_2014-06-08_23-14-58_260595134347_rgbf000041-resize_5/000682_2014-06-08_23-14-58_260595134347_rgbf000041-resize_5-target.png,1000.0,1.9505,2.7239999999999998,0.0,1833,1012,1002,998,998,502,,545953,38,Man
25,453602,DepthScenes,v2_duration_discrimination,discrim_jsons/Discrim1000_randls_10_rotated.json,http://54.235.29.9/FacialAge/BNav_EC2/DepthDuration/v2_depth_discrimination_MTurk/v2_DepthDiscrim_HTML.html#321,321,1327,576,1366,768,9-17-2022,12-55-2,26,depth_discrimination_stimuli/001170_2014-06-17_15-43-44_260595134347_rgbf000096-resize_6/001170_2014-06-17_15-43-44_260595134347_rgbf000096-resize_6-target.png,depth_discrimination_stimuli/001170_2014-06-17_15-43-44_260595134347_rgbf000096-resize_6/001170_2014-06-17_15-43-44_260595134347_rgbf000096-resize_6-target.png,1000.0,1.1909999999999998,1.1909999999999998,3.0,1786,1015,1000,999,992,494,,545953,38,Man
26,453602,DepthScenes,v2_duration_discrimination,discrim_jsons/Discrim1000_randls_10_rotated.json,http://54.235.29.9/FacialAge/BNav_EC2/DepthDuration/v2_depth_discrimination_MTurk/v2_DepthDiscrim_HTML.html#321,321,1327,576,1366,768,9-17-2022,12-55-2,27,depth_discrimination_stimuli/002467_2014-06-28_20-38-07_260595134347_rgbf000026-resize_2/002467_2014-06-28_20-38-07_260595134347_rgbf000026-resize_2-target.png,depth_discrimination_stimuli/002570_2014-06-24_13-59-54_094959634447_rgbf000059-resize_0/002570_2014-06-24_13-59-54_094959634447_rgbf000059-resize_0-target.png,1000.0,4.742,4.037,1.0,1732,1014,999,999,1000,498,,545953,38,Man
27,453602,DepthScenes,v2_duration_discrimination,discrim_jsons/Discrim1000_randls_10_rotated.json,http://54.235.29.9/FacialAge/BNav_EC2/DepthDuration/v2_depth_discrimination_MTurk/v2_DepthDiscrim_HTML.html#321,321,1327,576,1366,768,9-17-2022,12-55-2,28,depth_discrimination_stimuli/000502_2014-06-08_23-02-32_260595134347_rgbf000063-resize_4/000502_2014-06-08_23-02-32_260595134347_rgbf000063-resize_4-target.png,depth_discrimination_stimuli/001199_2014-06-17_16-03-48_260595134347_rgbf000077-resize_0/001199_2014-06-17_16-03-48_260595134347_rgbf000077-resize_0-target.png,1000.0,2.431,3.4375,0.0,2444,1015,986,1013,1015,486,,545953,38,Man
28,453602,DepthScenes,v2_duration_discrimination,discrim_jsons/Discrim1000_randls_10_rotated.json,http://54.235.29.9/FacialAge/BNav_EC2/DepthDuration/v2_depth_discrimination_MTurk/v2_DepthDiscrim_HTML.html#321,321,1327,576,1366,768,9-17-2022,12-55-2,29,depth_discrimination_stimuli/003010_2014-06-15_12-54-35_094959634447_rgbf000112-resize_0/003010_2014-06-15_12-54-35_094959634447_rgbf000112-resize_0-target.png,depth_discrimination_stimuli/001810_2014-06-26_20-51-35_260595134347_rgbf000040-resize_3/001810_2014-06-26_20-51-35_260595134347_rgbf000040-resize_3-target.png,1000.0,3.1185,2.2525,1.0,2744,1005,1001,1009,997,489,,545953,38,Man
29,453602,DepthScenes,v2_duration_discrimination,discrim_jsons/Discrim1000_randls_10_rotated.json,http://54.235.29.9/FacialAge/BNav_EC2/DepthDuration/v2_depth_discrimination_MTurk/v2_DepthDiscrim_HTML.html#321,321,1327,576,1366,768,9-17-2022,12-55-2,30,depth_discrimination_stimuli/000854_2014-06-09_19-43-13_260595134347_rgbf000066-resize_0/000854_2014-06-09_19-43-13_260595134347_rgbf000066-resize_0-target.png,depth_discrimination_stimuli/000758_2014-06-08_22-05-08_260595134347_rgbf000085-resize_0/000758_2014-06-08_22-05-08_260595134347_rgbf000085-resize_0-target.png,1000.0,3.068,3.3810000000000002,0.0,1782,1011,1000,999,1000,497,,545953,38,Man
30,453602,DepthScenes,v2_duration_discrimination,discrim_jsons/Discrim1000_randls_10_rotated.json,http://54.235.29.9/FacialAge/BNav_EC2/DepthDuration/v2_depth_discrimination_MTurk/v2_DepthDiscrim_HTML.html#321,321,1327,576,1366,768,9-17-2022,12-55-2,31,depth_discrimination_stimuli/003338_2014-05-20_11-01-23_094959634447_rgbf000051-resize_6/003338_2014-05-20_11-01-23_094959634447_rgbf000051-resize_6-target.png,depth_discrimination_stimuli/002509_2014-06-24_13-19-22_094959634447_rgbf000077-resize_0/002509_2014-06-24_13-19-22_094959634447_rgbf000077-resize_0-target.png,1000.0,1.693,1.3065,1.0,1723,1015,999,999,1001,487,,545953,38,Man
31,453602,DepthScenes,v2_duration_discrimination,discrim_jsons/Discrim1000_randls_10_rotated.json,http://54.235.29.9/FacialAge/BNav_EC2/DepthDuration/v2_depth_discrimination_MTurk/v2_DepthDiscrim_HTML.html#321,321,1327,576,1366,768,9-17-2022,12-55-2,32,depth_discrimination_stimuli/000677_2014-06-08_23-10-32_260595134347_rgbf000158-resize_6/000677_2014-06-08_23-10-32_260595134347_rgbf000158-resize_6-target.png,depth_discrimination_stimuli/001029_2014-06-08_13-17-57_260595134347_rgbf000065-resize_1/001029_2014-06-08_13-17-57_260595134347_rgbf000065-resize_1-target.png,1000.0,3.556,3.0835,1.0,1702,1010,999,994,1003,505,,545953,38,Man
32,453602,DepthScenes,v2_duration_discrimination,discrim_jsons/Discrim1000_randls_10_rotated.json,http://54.235.29.9/FacialAge/BNav_EC2/DepthDuration/v2_depth_discrimination_MTurk/v2_DepthDiscrim_HTML.html#321,321,1327,576,1366,768,9-17-2022,12-55-2,33,depth_discrimination_stimuli/001447_2014-06-19_17-00-32_260595134347_rgbf000082-resize_5/001447_2014-06-19_17-00-32_260595134347_rgbf000082-resize_5-target.png,depth_discrimination_stimuli/000447_2014-06-08_16-15-46_260595134347_rgbf000130-resize_1/000447_2014-06-08_16-15-46_260595134347_rgbf000130-resize_1-target.png,1000.0,4.13775,4.479,0.0,3262,1011,990,1008,995,510,,545953,38,Man
33,453602,DepthScenes,v2_duration_discrimination,discrim_jsons/Discrim1000_randls_10_rotated.json,http://54.235.29.9/FacialAge/BNav_EC2/DepthDuration/v2_depth_discrimination_MTurk/v2_DepthDiscrim_HTML.html#321,321,1327,576,1366,768,9-17-2022,12-55-2,34,depth_discrimination_stimuli/000866_2014-06-09_20-45-42_260595134347_rgbf000139-resize_1/000866_2014-06-09_20-45-42_260595134347_rgbf000139-resize_1-target.png,depth_discrimination_stimuli/002989_2014-06-15_12-25-03_094959634447_rgbf000150-resize_3/002989_2014-06-15_12-25-03_094959634447_rgbf000150-resize_3-target.png,1000.0,3.2155,4.1975,0.0,1762,1029,990,992,988,507,,545953,38,Man
34,453602,DepthScenes,v2_duration_discrimination,discrim_jsons/Discrim1000_randls_10_rotated.json,http://54.235.29.9/FacialAge/BNav_EC2/DepthDuration/v2_depth_discrimination_MTurk/v2_DepthDiscrim_HTML.html#321,321,1327,576,1366,768,9-17-2022,12-55-2,35,depth_discrimination_stimuli/001540_2014-06-20_17-01-05_260595134347_rgbf000086-resize_2/001540_2014-06-20_17-01-05_260595134347_rgbf000086-resize_2-target.png,depth_discrimination_stimuli/001540_2014-06-20_17-01-05_260595134347_rgbf000086-resize_2/001540_2014-06-20_17-01-05_260595134347_rgbf000086-resize_2-target.png,1000.0,1.459,1.459,3.0,1734,1003,1014,983,1024,476,,545953,38,Man
35,453602,DepthScenes,v2_duration_discrimination,discrim_jsons/Discrim1000_randls_10_rotated.json,http://54.235.29.9/FacialAge/BNav_EC2/DepthDuration/v2_depth_discrimination_MTurk/v2_DepthDiscrim_HTML.html#321,321,1327,576,1366,768,9-17-2022,12-55-2,36,depth_discrimination_stimuli/000635_2014-06-08_16-38-42_260595134347_rgbf000106-resize_1/000635_2014-06-08_16-38-42_260595134347_rgbf000106-resize_1-target.png,depth_discrimination_stimuli/002279_2014-06-28_18-55-32_260595134347_rgbf000040-resize_5/002279_2014-06-28_18-55-32_260595134347_rgbf000040-resize_5-target.png,1000.0,2.074,1.5043333333333,1.0,1852,1015,1000,996,1000,500,,545953,38,Man
36,453602,DepthScenes,v2_duration_discrimination,discrim_jsons/Discrim1000_randls_10_rotated.json,http://54.235.29.9/FacialAge/BNav_EC2/DepthDuration/v2_depth_discrimination_MTurk/v2_DepthDiscrim_HTML.html#321,321,1327,576,1366,768,9-17-2022,12-55-2,37,depth_discrimination_stimuli/002875_2014-06-01_15-19-00_094959634447_rgbf000151-resize_1/002875_2014-06-01_15-19-00_094959634447_rgbf000151-resize_1-target.png,depth_discrimination_stimuli/001011_2014-06-08_23-18-54_260595134347_rgbf000044-resize_4/001011_2014-06-08_23-18-54_260595134347_rgbf000044-resize_4-target.png,1000.0,1.9675,2.4730000000000003,0.0,1764,1016,996,1004,994,489,,545953,38,Man
37,453602,DepthScenes,v2_duration_discrimination,discrim_jsons/Discrim1000_randls_10_rotated.json,http://54.235.29.9/FacialAge/BNav_EC2/DepthDuration/v2_depth_discrimination_MTurk/v2_DepthDiscrim_HTML.html#321,321,1327,576,1366,768,9-17-2022,12-55-2,38,depth_discrimination_stimuli/003228_2014-05-14_13-42-35_094959634447_rgbf000101-resize_1/003228_2014-05-14_13-42-35_094959634447_rgbf000101-resize_1-target.png,depth_discrimination_stimuli/002600_2014-06-24_14-27-04_094959634447_rgbf000074-resize_2/002600_2014-06-24_14-27-04_094959634447_rgbf000074-resize_2-target.png,1000.0,1.9680000000000002,2.7575,0.0,1886,1015,997,1002,996,490,,545953,38,Man
38,453602,DepthScenes,v2_duration_discrimination,discrim_jsons/Discrim1000_randls_10_rotated.json,http://54.235.29.9/FacialAge/BNav_EC2/DepthDuration/v2_depth_discrimination_MTurk/v2_DepthDiscrim_HTML.html#321,321,1327,576,1366,768,9-17-2022,12-55-2,39,depth_discrimination_stimuli/000483_2014-06-09_20-41-45_260595134347_rgbf000116-resize_4/000483_2014-06-09_20-41-45_260595134347_rgbf000116-resize_4-target.png,depth_discrimination_stimuli/000469_2014-06-09_19-42-10_260595134347_rgbf000081-resize_1/000469_2014-06-09_19-42-10_260595134347_rgbf000081-resize_1-target.png,1000.0,1.337,1.652,1.0,1820,1007,1001,1001,997,503,,545953,38,Man
39,453602,DepthScenes,v2_duration_discrimination,discrim_jsons/Discrim1000_randls_10_rotated.json,http://54.235.29.9/FacialAge/BNav_EC2/DepthDuration/v2_depth_discrimination_MTurk/v2_DepthDiscrim_HTML.html#321,321,1327,576,1366,768,9-17-2022,12-55-2,40,depth_discrimination_stimuli/000665_2014-06-09_20-42-35_260595134347_rgbf000110-resize_1/000665_2014-06-09_20-42-35_260595134347_rgbf000110-resize_1-target.png,depth_discrimination_stimuli/001150_2014-06-17_15-27-34_260595134347_rgbf000108-resize_2/001150_2014-06-17_15-27-34_260595134347_rgbf000108-resize_2-target.png,1000.0,3.057,4.0325,1.0,1751,1012,998,1003,995,499,,545953,38,Man
40,453602,DepthScenes,v2_duration_discrimination,discrim_jsons/Discrim1000_randls_10_rotated.json,http://54.235.29.9/FacialAge/BNav_EC2/DepthDuration/v2_depth_discrimination_MTurk/v2_DepthDiscrim_HTML.html#321,321,1327,576,1366,768,9-17-2022,12-55-2,41,depth_discrimination_stimuli/002758_2014-06-22_19-11-20_094959634447_rgbf000128-resize_1/002758_2014-06-22_19-11-20_094959634447_rgbf000128-resize_1-target.png,depth_discrimination_stimuli/002630_2014-06-24_14-47-50_094959634447_rgbf000055-resize_1/002630_2014-06-24_14-47-50_094959634447_rgbf000055-resize_1-target.png,1000.0,2.555,3.0095,0.0,2003,1015,1000,1012,1002,478,,545953,38,Man
41,453602,DepthScenes,v2_duration_discrimination,discrim_jsons/Discrim1000_randls_10_rotated.json,http://54.235.29.9/FacialAge/BNav_EC2/DepthDuration/v2_depth_discrimination_MTurk/v2_DepthDiscrim_HTML.html#321,321,1327,576,1366,768,9-17-2022,12-55-2,42,depth_discrimination_stimuli/003048_2014-06-15_13-49-43_094959634447_rgbf000150-resize_1/003048_2014-06-15_13-49-43_094959634447_rgbf000150-resize_1-target.png,depth_discrimination_stimuli/002043_2014-06-24_20-29-38_260595134347_rgbf000039-resize_4/002043_2014-06-24_20-29-38_260595134347_rgbf000039-resize_4-target.png,1000.0,4.0035,2.8435,1.0,1667,1011,999,998,1000,499,,545953,38,Man
42,453602,DepthScenes,v2_duration_discrimination,discrim_jsons/Discrim1000_randls_10_rotated.json,http://54.235.29.9/FacialAge/BNav_EC2/DepthDuration/v2_depth_discrimination_MTurk/v2_DepthDiscrim_HTML.html#321,321,1327,576,1366,768,9-17-2022,12-55-2,43,depth_discrimination_stimuli/001571_2014-06-20_17-21-32_260595134347_rgbf000089-resize_1/001571_2014-06-20_17-21-32_260595134347_rgbf000089-resize_1-target.png,depth_discrimination_stimuli/002272_2014-06-28_18-53-56_260595134347_rgbf000067-resize_2/002272_2014-06-28_18-53-56_260595134347_rgbf000067-resize_2-target.png,1000.0,1.86,1.138,1.0,2727,1016,998,998,1003,497,,545953,38,Man
43,453602,DepthScenes,v2_duration_discrimination,discrim_jsons/Discrim1000_randls_10_rotated.json,http://54.235.29.9/FacialAge/BNav_EC2/DepthDuration/v2_depth_discrimination_MTurk/v2_DepthDiscrim_HTML.html#321,321,1327,576,1366,768,9-17-2022,12-55-2,44,depth_discrimination_stimuli/001828_2014-06-26_21-40-03_260595134347_rgbf000024-resize_0/001828_2014-06-26_21-40-03_260595134347_rgbf000024-resize_0-target.png,depth_discrimination_stimuli/000009_2014-05-26_14-32-05_260595134347_rgbf000034-resize_3/000009_2014-05-26_14-32-05_260595134347_rgbf000034-resize_3-target.png,1000.0,4.8260000000000005,3.8715,0.0,1692,1006,999,1017,991,515,,545953,38,Man
44,453602,DepthScenes,v2_duration_discrimination,discrim_jsons/Discrim1000_randls_10_rotated.json,http://54.235.29.9/FacialAge/BNav_EC2/DepthDuration/v2_depth_discrimination_MTurk/v2_DepthDiscrim_HTML.html#321,321,1327,576,1366,768,9-17-2022,12-55-2,45,depth_discrimination_stimuli/000457_2014-06-08_16-52-43_260595134347_rgbf000199-resize_1/000457_2014-06-08_16-52-43_260595134347_rgbf000199-resize_1-target.png,depth_discrimination_stimuli/000929_2014-06-09_16-33-19_260595134347_rgbf000139-resize_0/000929_2014-06-09_16-33-19_260595134347_rgbf000139-resize_0-target.png,1000.0,3.6489999999999996,2.8680000000000003,1.0,1775,1011,996,1019,987,492,,545953,38,Man
45,453602,DepthScenes,v2_duration_discrimination,discrim_jsons/Discrim1000_randls_10_rotated.json,http://54.235.29.9/FacialAge/BNav_EC2/DepthDuration/v2_depth_discrimination_MTurk/v2_DepthDiscrim_HTML.html#321,321,1327,576,1366,768,9-17-2022,12-55-2,46,depth_discrimination_stimuli/000709_2014-06-08_13-51-55_260595134347_rgbf000068-resize_3/000709_2014-06-08_13-51-55_260595134347_rgbf000068-resize_3-target.png,depth_discrimination_stimuli/002057_2014-06-24_21-00-13_260595134347_rgbf000120-resize_1/002057_2014-06-24_21-00-13_260595134347_rgbf000120-resize_1-target.png,1000.0,1.8030000000000002,2.967,0.0,1735,1046,959,1009,1005,533,,545953,38,Man
46,453602,DepthScenes,v2_duration_discrimination,discrim_jsons/Discrim1000_randls_10_rotated.json,http://54.235.29.9/FacialAge/BNav_EC2/DepthDuration/v2_depth_discrimination_MTurk/v2_DepthDiscrim_HTML.html#321,321,1327,576,1366,768,9-17-2022,12-55-2,47,depth_discrimination_stimuli/001516_2014-06-20_16-25-09_260595134347_rgbf000076-resize_2/001516_2014-06-20_16-25-09_260595134347_rgbf000076-resize_2-target.png,depth_discrimination_stimuli/002118_2014-06-25_20-32-08_260595134347_rgbf000078-resize_1/002118_2014-06-25_20-32-08_260595134347_rgbf000078-resize_1-target.png,1000.0,1.7445,2.6460000000000004,0.0,1722,1003,997,1003,1004,506,,545953,38,Man
47,453602,DepthScenes,v2_duration_discrimination,discrim_jsons/Discrim1000_randls_10_rotated.json,http://54.235.29.9/FacialAge/BNav_EC2/DepthDuration/v2_depth_discrimination_MTurk/v2_DepthDiscrim_HTML.html#321,321,1327,576,1366,768,9-17-2022,12-55-2,48,depth_discrimination_stimuli/001032_2014-06-08_13-23-17_260595134347_rgbf000021-resize_3/001032_2014-06-08_13-23-17_260595134347_rgbf000021-resize_3-target.png,depth_discrimination_stimuli/001059_2014-06-08_21-53-27_260595134347_rgbf000061-resize_4/001059_2014-06-08_21-53-27_260595134347_rgbf000061-resize_4-target.png,1000.0,3.2725,2.4185,0.0,3580,1013,1014,996,985,520,,545953,38,Man
48,453602,DepthScenes,v2_duration_discrimination,discrim_jsons/Discrim1000_randls_10_rotated.json,http://54.235.29.9/FacialAge/BNav_EC2/DepthDuration/v2_depth_discrimination_MTurk/v2_DepthDiscrim_HTML.html#321,321,1327,576,1366,768,9-17-2022,12-55-2,49,depth_discrimination_stimuli/001052_2014-06-08_18-24-54_260595134347_rgbf000130-resize_1/001052_2014-06-08_18-24-54_260595134347_rgbf000130-resize_1-target.png,depth_discrimination_stimuli/002988_2014-06-15_12-24-20_094959634447_rgbf000150-resize_1/002988_2014-06-15_12-24-20_094959634447_rgbf000150-resize_1-target.png,1000.0,4.1045,4.7669999999999995,0.0,4005,1016,1002,998,1002,491,,545953,38,Man
49,453602,DepthScenes,v2_duration_discrimination,discrim_jsons/Discrim1000_randls_10_rotated.json,http://54.235.29.9/FacialAge/BNav_EC2/DepthDuration/v2_depth_discrimination_MTurk/v2_DepthDiscrim_HTML.html#321,321,1327,576,1366,768,9-17-2022,12-55-2,50,depth_discrimination_stimuli/001617_2014-06-20_11-35-32_260595134347_rgbf000066-resize_1/001617_2014-06-20_11-35-32_260595134347_rgbf000066-resize_1-target.png,depth_discrimination_stimuli/001806_2014-06-26_20-50-20_260595134347_rgbf000091-resize_1/001806_2014-06-26_20-50-20_260595134347_rgbf000091-resize_1-target.png,1000.0,3.7910000000000004,2.7305,1.0,5620,1017,1016,1007,998,470,,545953,38,Man
50,453602,DepthScenes,v2_duration_discrimination,discrim_jsons/Discrim1000_randls_10_rotated.json,http://54.235.29.9/FacialAge/BNav_EC2/DepthDuration/v2_depth_discrimination_MTurk/v2_DepthDiscrim_HTML.html#321,321,1327,576,1366,768,9-17-2022,12-55-2,51,depth_discrimination_stimuli/002414_2014-06-28_20-24-58_260595134347_rgbf000067-resize_4/002414_2014-06-28_20-24-58_260595134347_rgbf000067-resize_4-target.png,depth_discrimination_stimuli/000773_2014-06-08_22-24-54_260595134347_rgbf000093-resize_1/000773_2014-06-08_22-24-54_260595134347_rgbf000093-resize_1-target.png,1000.0,4.363,4.973,0.0,1737,1040,1020,985,1004,463,,545953,38,Man
51,453602,DepthScenes,v2_duration_discrimination,discrim_jsons/Discrim1000_randls_10_rotated.json,http://54.235.29.9/FacialAge/BNav_EC2/DepthDuration/v2_depth_discrimination_MTurk/v2_DepthDiscrim_HTML.html#321,321,1327,576,1366,768,9-17-2022,12-55-2,52,depth_discrimination_stimuli/001222_2014-06-17_16-24-06_260595134347_rgbf000073-resize_0/001222_2014-06-17_16-24-06_260595134347_rgbf000073-resize_0-target.png,depth_discrimination_stimuli/001222_2014-06-17_16-24-06_260595134347_rgbf000073-resize_0/001222_2014-06-17_16-24-06_260595134347_rgbf000073-resize_0-target.png,1000.0,1.4385,1.4385,3.0,1752,1013,1012,998,1009,480,,545953,38,Man
52,453602,DepthScenes,v2_duration_discrimination,discrim_jsons/Discrim1000_randls_10_rotated.json,http://54.235.29.9/FacialAge/BNav_EC2/DepthDuration/v2_depth_discrimination_MTurk/v2_DepthDiscrim_HTML.html#321,321,1327,576,1366,768,9-17-2022,12-55-2,53,depth_discrimination_stimuli/000556_2014-06-09_22-42-56_260595134347_rgbf000214-resize_1/000556_2014-06-09_22-42-56_260595134347_rgbf000214-resize_1-target.png,depth_discrimination_stimuli/001158_2014-06-17_15-32-16_260595134347_rgbf000138-resize_2/001158_2014-06-17_15-32-16_260595134347_rgbf000138-resize_2-target.png,1000.0,4.8415,4.5315,0.0,1737,1007,996,1001,996,513,,545953,38,Man
53,453602,DepthScenes,v2_duration_discrimination,discrim_jsons/Discrim1000_randls_10_rotated.json,http://54.235.29.9/FacialAge/BNav_EC2/DepthDuration/v2_depth_discrimination_MTurk/v2_DepthDiscrim_HTML.html#321,321,1327,576,1366,768,9-17-2022,12-55-2,54,depth_discrimination_stimuli/000691_2014-06-08_13-08-50_260595134347_rgbf000132-resize_3/000691_2014-06-08_13-08-50_260595134347_rgbf000132-resize_3-target.png,depth_discrimination_stimuli/002213_2014-06-28_18-37-58_260595134347_rgbf000055-resize_1/002213_2014-06-28_18-37-58_260595134347_rgbf000055-resize_1-target.png,1000.0,4.1530000000000005,3.62,0.0,2056,1011,997,1002,997,504,,545953,38,Man
54,453602,DepthScenes,v2_duration_discrimination,discrim_jsons/Discrim1000_randls_10_rotated.json,http://54.235.29.9/FacialAge/BNav_EC2/DepthDuration/v2_depth_discrimination_MTurk/v2_DepthDiscrim_HTML.html#321,321,1327,576,1366,768,9-17-2022,12-55-2,55,depth_discrimination_stimuli/002953_2014-06-08_17-32-18_094959634447_rgbf000059-resize_5/002953_2014-06-08_17-32-18_094959634447_rgbf000059-resize_5-target.png,depth_discrimination_stimuli/000878_2014-06-08_22-52-45_260595134347_rgbf000045-resize_2/000878_2014-06-08_22-52-45_260595134347_rgbf000045-resize_2-target.png,1000.0,1.551,2.092,0.0,2114,1008,1004,997,999,506,,545953,38,Man
55,453602,DepthScenes,v2_duration_discrimination,discrim_jsons/Discrim1000_randls_10_rotated.json,http://54.235.29.9/FacialAge/BNav_EC2/DepthDuration/v2_depth_discrimination_MTurk/v2_DepthDiscrim_HTML.html#321,321,1327,576,1366,768,9-17-2022,12-55-2,56,depth_discrimination_stimuli/002444_2014-06-28_20-32-08_260595134347_rgbf000027-resize_0/002444_2014-06-28_20-32-08_260595134347_rgbf000027-resize_0-target.png,depth_discrimination_stimuli/000436_2014-06-09_22-25-11_260595134347_rgbf000137-resize_1/000436_2014-06-09_22-25-11_260595134347_rgbf000137-resize_1-target.png,1000.0,4.388999999999999,4.0705,0.0,2037,1014,985,1013,1001,507,,545953,38,Man
56,453602,DepthScenes,v2_duration_discrimination,discrim_jsons/Discrim1000_randls_10_rotated.json,http://54.235.29.9/FacialAge/BNav_EC2/DepthDuration/v2_depth_discrimination_MTurk/v2_DepthDiscrim_HTML.html#321,321,1327,576,1366,768,9-17-2022,12-55-2,57,depth_discrimination_stimuli/000749_2014-06-08_21-55-06_260595134347_rgbf000070-resize_2/000749_2014-06-08_21-55-06_260595134347_rgbf000070-resize_2-target.png,depth_discrimination_stimuli/002788_2014-06-22_19-36-03_094959634447_rgbf000088-resize_2/002788_2014-06-22_19-36-03_094959634447_rgbf000088-resize_2-target.png,1000.0,2.331,1.6465,0.0,2266,1008,1016,985,991,502,,545953,38,Man
57,453602,DepthScenes,v2_duration_discrimination,discrim_jsons/Discrim1000_randls_10_rotated.json,http://54.235.29.9/FacialAge/BNav_EC2/DepthDuration/v2_depth_discrimination_MTurk/v2_DepthDiscrim_HTML.html#321,321,1327,576,1366,768,9-17-2022,12-55-2,58,depth_discrimination_stimuli/000409_2014-06-04_19-23-33_260595134347_rgbf000067-resize_0/000409_2014-06-04_19-23-33_260595134347_rgbf000067-resize_0-target.png,depth_discrimination_stimuli/002663_2014-06-13_15-50-26_094959634447_rgbf000075-resize_1/002663_2014-06-13_15-50-26_094959634447_rgbf000075-resize_1-target.png,1000.0,3.7335,4.7495,0.0,2091,1061,979,970,1026,506,,545953,38,Man
58,453602,DepthScenes,v2_duration_discrimination,discrim_jsons/Discrim1000_randls_10_rotated.json,http://54.235.29.9/FacialAge/BNav_EC2/DepthDuration/v2_depth_discrimination_MTurk/v2_DepthDiscrim_HTML.html#321,321,1327,576,1366,768,9-17-2022,12-55-2,59,depth_discrimination_stimuli/001450_2014-06-19_17-02-03_260595134347_rgbf000203-resize_4/001450_2014-06-19_17-02-03_260595134347_rgbf000203-resize_4-target.png,depth_discrimination_stimuli/001449_2014-06-19_17-01-27_260595134347_rgbf000116-resize_2/001449_2014-06-19_17-01-27_260595134347_rgbf000116-resize_2-target.png,1000.0,4.0106666666667,3.452,1.0,1769,1009,994,1005,1013,487,,545953,38,Man
59,453602,DepthScenes,v2_duration_discrimination,discrim_jsons/Discrim1000_randls_10_rotated.json,http://54.235.29.9/FacialAge/BNav_EC2/DepthDuration/v2_depth_discrimination_MTurk/v2_DepthDiscrim_HTML.html#321,321,1327,576,1366,768,9-17-2022,12-55-2,60,depth_discrimination_stimuli/002199_2014-06-28_18-33-56_260595134347_rgbf000074-resize_0/002199_2014-06-28_18-33-56_260595134347_rgbf000074-resize_0-target.png,depth_discrimination_stimuli/001056_2014-06-08_18-46-44_260595134347_rgbf000068-resize_0/001056_2014-06-08_18-46-44_260595134347_rgbf000068-resize_0-target.png,1000.0,1.996,2.6625,0.0,1745,1026,980,1008,989,507,,545953,38,Man
60,453602,DepthScenes,v2_duration_discrimination,discrim_jsons/Discrim1000_randls_10_rotated.json,http://54.235.29.9/FacialAge/BNav_EC2/DepthDuration/v2_depth_discrimination_MTurk/v2_DepthDiscrim_HTML.html#321,321,1327,576,1366,768,9-17-2022,12-55-2,61,depth_discrimination_stimuli/000191_2014-05-12_17-07-38_260595134347_rgbf000199-resize_0/000191_2014-05-12_17-07-38_260595134347_rgbf000199-resize_0-target.png,depth_discrimination_stimuli/000493_2014-06-09_21-01-18_260595134347_rgbf000196-resize_3/000493_2014-06-09_21-01-18_260595134347_rgbf000196-resize_3-target.png,1000.0,3.7995,3.44,1.0,2774,1003,1019,999,994,487,,545953,38,Man
61,453602,DepthScenes,v2_duration_discrimination,discrim_jsons/Discrim1000_randls_10_rotated.json,http://54.235.29.9/FacialAge/BNav_EC2/DepthDuration/v2_depth_discrimination_MTurk/v2_DepthDiscrim_HTML.html#321,321,1327,576,1366,768,9-17-2022,12-55-2,62,depth_discrimination_stimuli/002637_2014-06-24_14-51-13_094959634447_rgbf000066-resize_4/002637_2014-06-24_14-51-13_094959634447_rgbf000066-resize_4-target.png,depth_discrimination_stimuli/003534_2014-05-22_15-06-10_094959634447_rgbf000102-resize_4/003534_2014-05-22_15-06-10_094959634447_rgbf000102-resize_4-target.png,1000.0,1.9955,1.426,1.0,1750,1012,1000,993,1000,495,,545953,38,Man
62,453602,DepthScenes,v2_duration_discrimination,discrim_jsons/Discrim1000_randls_10_rotated.json,http://54.235.29.9/FacialAge/BNav_EC2/DepthDuration/v2_depth_discrimination_MTurk/v2_DepthDiscrim_HTML.html#321,321,1327,576,1366,768,9-17-2022,12-55-2,63,depth_discrimination_stimuli/000787_2014-06-08_22-33-53_260595134347_rgbf000175-resize_1/000787_2014-06-08_22-33-53_260595134347_rgbf000175-resize_1-target.png,depth_discrimination_stimuli/000787_2014-06-08_22-33-53_260595134347_rgbf000175-resize_1/000787_2014-06-08_22-33-53_260595134347_rgbf000175-resize_1-target.png,1000.0,4.784,4.784,3.0,1694,1012,999,1025,964,511,,545953,38,Man
63,453602,DepthScenes,v2_duration_discrimination,discrim_jsons/Discrim1000_randls_10_rotated.json,http://54.235.29.9/FacialAge/BNav_EC2/DepthDuration/v2_depth_discrimination_MTurk/v2_DepthDiscrim_HTML.html#321,321,1327,576,1366,768,9-17-2022,12-55-2,64,depth_discrimination_stimuli/001094_2014-06-15_17-36-00_260595134347_rgbf000205-resize_0/001094_2014-06-15_17-36-00_260595134347_rgbf000205-resize_0-target.png,depth_discrimination_stimuli/000692_2014-06-08_13-09-42_260595134347_rgbf000199-resize_2/000692_2014-06-08_13-09-42_260595134347_rgbf000199-resize_2-target.png,1000.0,4.2175,3.661,1.0,2033,1013,1002,998,987,535,,545953,38,Man
64,453602,DepthScenes,v2_duration_discrimination,discrim_jsons/Discrim1000_randls_10_rotated.json,http://54.235.29.9/FacialAge/BNav_EC2/DepthDuration/v2_depth_discrimination_MTurk/v2_DepthDiscrim_HTML.html#321,321,1327,576,1366,768,9-17-2022,12-55-2,65,depth_discrimination_stimuli/001214_2014-06-17_16-13-55_260595134347_rgbf000111-resize_0/001214_2014-06-17_16-13-55_260595134347_rgbf000111-resize_0-target.png,depth_discrimination_stimuli/000810_2014-06-08_17-20-01_260595134347_rgbf000105-resize_0/000810_2014-06-08_17-20-01_260595134347_rgbf000105-resize_0-target.png,1000.0,2.6505,1.4865,1.0,1795,1016,998,1000,995,504,,545953,38,Man
65,453602,DepthScenes,v2_duration_discrimination,discrim_jsons/Discrim1000_randls_10_rotated.json,http://54.235.29.9/FacialAge/BNav_EC2/DepthDuration/v2_depth_discrimination_MTurk/v2_DepthDiscrim_HTML.html#321,321,1327,576,1366,768,9-17-2022,12-55-2,66,depth_discrimination_stimuli/003083_2014-06-15_15-21-03_094959634447_rgbf000063-resize_1/003083_2014-06-15_15-21-03_094959634447_rgbf000063-resize_1-target.png,depth_discrimination_stimuli/000486_2014-06-09_20-47-20_260595134347_rgbf000143-resize_2/000486_2014-06-09_20-47-20_260595134347_rgbf000143-resize_2-target.png,1000.0,4.1405,4.8325,0.0,1794,1025,978,1013,988,510,,545953,38,Man
66,453602,DepthScenes,v2_duration_discrimination,discrim_jsons/Discrim1000_randls_10_rotated.json,http://54.235.29.9/FacialAge/BNav_EC2/DepthDuration/v2_depth_discrimination_MTurk/v2_DepthDiscrim_HTML.html#321,321,1327,576,1366,768,9-17-2022,12-55-2,67,depth_discrimination_stimuli/003587_2014-05-23_16-48-02_094959634447_rgbf002384-resize_2/003587_2014-05-23_16-48-02_094959634447_rgbf002384-resize_2-target.png,depth_discrimination_stimuli/001167_2014-06-17_15-38-07_260595134347_rgbf000108-resize_0/001167_2014-06-17_15-38-07_260595134347_rgbf000108-resize_0-target.png,1000.0,1.357,1.8505,1.0,1748,1007,1008,990,1018,502,,545953,38,Man
67,453602,DepthScenes,v2_duration_discrimination,discrim_jsons/Discrim1000_randls_10_rotated.json,http://54.235.29.9/FacialAge/BNav_EC2/DepthDuration/v2_depth_discrimination_MTurk/v2_DepthDiscrim_HTML.html#321,321,1327,576,1366,768,9-17-2022,12-55-2,68,depth_discrimination_stimuli/001392_2014-06-19_16-07-59_260595134347_rgbf000046-resize_1/001392_2014-06-19_16-07-59_260595134347_rgbf000046-resize_1-target.png,depth_discrimination_stimuli/001570_2014-06-20_17-21-09_260595134347_rgbf000135-resize_4/001570_2014-06-20_17-21-09_260595134347_rgbf000135-resize_4-target.png,1000.0,4.135,4.467,0.0,2256,1007,997,1017,986,495,,545953,38,Man
68,453602,DepthScenes,v2_duration_discrimination,discrim_jsons/Discrim1000_randls_10_rotated.json,http://54.235.29.9/FacialAge/BNav_EC2/DepthDuration/v2_depth_discrimination_MTurk/v2_DepthDiscrim_HTML.html#321,321,1327,576,1366,768,9-17-2022,12-55-2,69,depth_discrimination_stimuli/002678_2014-06-13_16-15-32_094959634447_rgbf000151-resize_6/002678_2014-06-13_16-15-32_094959634447_rgbf000151-resize_6-target.png,depth_discrimination_stimuli/000368_2014-06-09_15-53-01_260595134347_rgbf000155-resize_2/000368_2014-06-09_15-53-01_260595134347_rgbf000155-resize_2-target.png,1000.0,2.1830000000000003,2.4859999999999998,1.0,1851,1009,1005,999,1003,494,,545953,38,Man
69,453602,DepthScenes,v2_duration_discrimination,discrim_jsons/Discrim1000_randls_10_rotated.json,http://54.235.29.9/FacialAge/BNav_EC2/DepthDuration/v2_depth_discrimination_MTurk/v2_DepthDiscrim_HTML.html#321,321,1327,576,1366,768,9-17-2022,12-55-2,70,depth_discrimination_stimuli/002639_2014-06-24_14-51-37_094959634447_rgbf000074-resize_4/002639_2014-06-24_14-51-37_094959634447_rgbf000074-resize_4-target.png,depth_discrimination_stimuli/003292_2014-05-14_21-53-49_094959634447_rgbf000100-resize_2/003292_2014-05-14_21-53-49_094959634447_rgbf000100-resize_2-target.png,1000.0,4.0375,3.4815,1.0,2117,1005,999,1002,1011,489,,545953,38,Man
70,453602,DepthScenes,v2_duration_discrimination,discrim_jsons/Discrim1000_randls_10_rotated.json,http://54.235.29.9/FacialAge/BNav_EC2/DepthDuration/v2_depth_discrimination_MTurk/v2_DepthDiscrim_HTML.html#321,321,1327,576,1366,768,9-17-2022,12-55-2,71,depth_discrimination_stimuli/000375_2014-06-08_11-17-29_260595134347_rgbf000133-resize_2/000375_2014-06-08_11-17-29_260595134347_rgbf000133-resize_2-target.png,depth_discrimination_stimuli/000375_2014-06-08_11-17-29_260595134347_rgbf000133-resize_2/000375_2014-06-08_11-17-29_260595134347_rgbf000133-resize_2-target.png,1000.0,4.718,4.718,3.0,1947,1061,939,1017,997,489,,545953,38,Man
71,453602,DepthScenes,v2_duration_discrimination,discrim_jsons/Discrim1000_randls_10_rotated.json,http://54.235.29.9/FacialAge/BNav_EC2/DepthDuration/v2_depth_discrimination_MTurk/v2_DepthDiscrim_HTML.html#321,321,1327,576,1366,768,9-17-2022,12-55-2,72,depth_discrimination_stimuli/000927_2014-06-09_16-32-30_260595134347_rgbf000123-resize_3/000927_2014-06-09_16-32-30_260595134347_rgbf000123-resize_3-target.png,depth_discrimination_stimuli/001110_2014-06-15_17-25-28_260595134347_rgbf000150-resize_1/001110_2014-06-15_17-25-28_260595134347_rgbf000150-resize_1-target.png,1000.0,2.6785,1.7115,1.0,2125,1011,1002,997,1012,492,,545953,38,Man
72,453602,DepthScenes,v2_duration_discrimination,discrim_jsons/Discrim1000_randls_10_rotated.json,http://54.235.29.9/FacialAge/BNav_EC2/DepthDuration/v2_depth_discrimination_MTurk/v2_DepthDiscrim_HTML.html#321,321,1327,576,1366,768,9-17-2022,12-55-2,73,depth_discrimination_stimuli/000103_2014-05-14_22-01-17_260595134347_rgbf000152-resize_5/000103_2014-05-14_22-01-17_260595134347_rgbf000152-resize_5-target.png,depth_discrimination_stimuli/001555_2014-06-20_17-12-10_260595134347_rgbf000065-resize_4/001555_2014-06-20_17-12-10_260595134347_rgbf000065-resize_4-target.png,1000.0,1.993,1.633,1.0,1755,1008,1038,959,996,499,,545953,38,Man
73,453602,DepthScenes,v2_duration_discrimination,discrim_jsons/Discrim1000_randls_10_rotated.json,http://54.235.29.9/FacialAge/BNav_EC2/DepthDuration/v2_depth_discrimination_MTurk/v2_DepthDiscrim_HTML.html#321,321,1327,576,1366,768,9-17-2022,12-55-2,74,depth_discrimination_stimuli/000109_2014-05-14_23-41-52_260595134347_rgbf000035-resize_9/000109_2014-05-14_23-41-52_260595134347_rgbf000035-resize_9-target.png,depth_discrimination_stimuli/000470_2014-06-09_19-42-40_260595134347_rgbf000094-resize_1/000470_2014-06-09_19-42-40_260595134347_rgbf000094-resize_1-target.png,1000.0,1.3545,1.831,1.0,1693,1057,997,987,1016,456,,545953,38,Man
74,453602,DepthScenes,v2_duration_discrimination,discrim_jsons/Discrim1000_randls_10_rotated.json,http://54.235.29.9/FacialAge/BNav_EC2/DepthDuration/v2_depth_discrimination_MTurk/v2_DepthDiscrim_HTML.html#321,321,1327,576,1366,768,9-17-2022,12-55-2,75,depth_discrimination_stimuli/001100_2014-06-15_17-46-26_260595134347_rgbf000225-resize_2/001100_2014-06-15_17-46-26_260595134347_rgbf000225-resize_2-target.png,depth_discrimination_stimuli/002784_2014-06-22_19-26-30_094959634447_rgbf000083-resize_3/002784_2014-06-22_19-26-30_094959634447_rgbf000083-resize_3-target.png,1000.0,2.24,1.8046666666667,1.0,1765,1006,1001,998,1014,486,,545953,38,Man
75,453602,DepthScenes,v2_duration_discrimination,discrim_jsons/Discrim1000_randls_10_rotated.json,http://54.235.29.9/FacialAge/BNav_EC2/DepthDuration/v2_depth_discrimination_MTurk/v2_DepthDiscrim_HTML.html#321,321,1327,576,1366,768,9-17-2022,12-55-2,76,depth_discrimination_stimuli/002425_2014-06-28_20-27-29_260595134347_rgbf000031-resize_8/002425_2014-06-28_20-27-29_260595134347_rgbf000031-resize_8-target.png,depth_discrimination_stimuli/000642_2014-06-08_16-59-25_260595134347_rgbf000098-resize_2/000642_2014-06-08_16-59-25_260595134347_rgbf000098-resize_2-target.png,1000.0,3.8960000000000004,2.8815,1.0,1685,1009,1006,1000,998,564,,545953,38,Man
76,453602,DepthScenes,v2_duration_discrimination,discrim_jsons/Discrim1000_randls_10_rotated.json,http://54.235.29.9/FacialAge/BNav_EC2/DepthDuration/v2_depth_discrimination_MTurk/v2_DepthDiscrim_HTML.html#321,321,1327,576,1366,768,9-17-2022,12-55-2,77,depth_discrimination_stimuli/003081_2014-06-15_15-19-16_094959634447_rgbf000150-resize_1/003081_2014-06-15_15-19-16_094959634447_rgbf000150-resize_1-target.png,depth_discrimination_stimuli/001417_2014-06-19_16-25-36_260595134347_rgbf000115-resize_5/001417_2014-06-19_16-25-36_260595134347_rgbf000115-resize_5-target.png,1000.0,3.9125,4.6255,0.0,2950,1023,1040,949,1001,488,,545953,38,Man
77,453602,DepthScenes,v2_duration_discrimination,discrim_jsons/Discrim1000_randls_10_rotated.json,http://54.235.29.9/FacialAge/BNav_EC2/DepthDuration/v2_depth_discrimination_MTurk/v2_DepthDiscrim_HTML.html#321,321,1327,576,1366,768,9-17-2022,12-55-2,78,depth_discrimination_stimuli/000742_2014-06-08_18-48-09_260595134347_rgbf000164-resize_4/000742_2014-06-08_18-48-09_260595134347_rgbf000164-resize_4-target.png,depth_discrimination_stimuli/001066_2014-06-08_22-03-20_260595134347_rgbf000066-resize_4/001066_2014-06-08_22-03-20_260595134347_rgbf000066-resize_4-target.png,1000.0,4.632,4.2330000000000005,1.0,2001,1003,998,1012,1000,486,,545953,38,Man
78,453602,DepthScenes,v2_duration_discrimination,discrim_jsons/Discrim1000_randls_10_rotated.json,http://54.235.29.9/FacialAge/BNav_EC2/DepthDuration/v2_depth_discrimination_MTurk/v2_DepthDiscrim_HTML.html#321,321,1327,576,1366,768,9-17-2022,12-55-2,79,depth_discrimination_stimuli/001815_2014-06-26_20-52-55_260595134347_rgbf000020-resize_0/001815_2014-06-26_20-52-55_260595134347_rgbf000020-resize_0-target.png,depth_discrimination_stimuli/001808_2014-06-26_20-50-58_260595134347_rgbf000029-resize_1/001808_2014-06-26_20-50-58_260595134347_rgbf000029-resize_1-target.png,1000.0,3.3865,4.249,0.0,2502,1021,1018,974,1055,434,,545953,38,Man
79,453602,DepthScenes,v2_duration_discrimination,discrim_jsons/Discrim1000_randls_10_rotated.json,http://54.235.29.9/FacialAge/BNav_EC2/DepthDuration/v2_depth_discrimination_MTurk/v2_DepthDiscrim_HTML.html#321,321,1327,576,1366,768,9-17-2022,12-55-2,80,depth_discrimination_stimuli/000569_2014-06-09_22-51-47_260595134347_rgbf000141-resize_3/000569_2014-06-09_22-51-47_260595134347_rgbf000141-resize_3-target.png,depth_discrimination_stimuli/000569_2014-06-09_22-51-47_260595134347_rgbf000141-resize_3/000569_2014-06-09_22-51-47_260595134347_rgbf000141-resize_3-target.png,1000.0,4.512,4.512,3.0,1981,1015,997,1001,988,579,,545953,38,Man
80,453602,DepthScenes,v2_duration_discrimination,discrim_jsons/Discrim1000_randls_10_rotated.json,http://54.235.29.9/FacialAge/BNav_EC2/DepthDuration/v2_depth_discrimination_MTurk/v2_DepthDiscrim_HTML.html#321,321,1327,576,1366,768,9-17-2022,12-55-2,81,depth_discrimination_stimuli/002657_2014-06-13_15-29-54_094959634447_rgbf000150-resize_1/002657_2014-06-13_15-29-54_094959634447_rgbf000150-resize_1-target.png,depth_discrimination_stimuli/002375_2014-06-28_20-13-44_260595134347_rgbf000032-resize_1/002375_2014-06-28_20-13-44_260595134347_rgbf000032-resize_1-target.png,1000.0,4.919,4.0175,1.0,1785,1005,1000,1001,1000,510,,545953,38,Man
81,453602,DepthScenes,v2_duration_discrimination,discrim_jsons/Discrim1000_randls_10_rotated.json,http://54.235.29.9/FacialAge/BNav_EC2/DepthDuration/v2_depth_discrimination_MTurk/v2_DepthDiscrim_HTML.html#321,321,1327,576,1366,768,9-17-2022,12-55-2,82,depth_discrimination_stimuli/002136_2014-06-25_21-18-03_260595134347_rgbf000109-resize_3/002136_2014-06-25_21-18-03_260595134347_rgbf000109-resize_3-target.png,depth_discrimination_stimuli/002964_2014-06-08_17-46-11_094959634447_rgbf000091-resize_4/002964_2014-06-08_17-46-11_094959634447_rgbf000091-resize_4-target.png,1000.0,1.9569999999999999,1.6909999999999998,1.0,1793,1006,1001,996,1005,504,,545953,38,Man
82,453602,DepthScenes,v2_duration_discrimination,discrim_jsons/Discrim1000_randls_10_rotated.json,http://54.235.29.9/FacialAge/BNav_EC2/DepthDuration/v2_depth_discrimination_MTurk/v2_DepthDiscrim_HTML.html#321,321,1327,576,1366,768,9-17-2022,12-55-2,83,depth_discrimination_stimuli/000549_2014-06-08_22-10-24_260595134347_rgbf000247-resize_3/000549_2014-06-08_22-10-24_260595134347_rgbf000247-resize_3-target.png,depth_discrimination_stimuli/001055_2014-06-08_18-45-35_260595134347_rgbf000111-resize_4/001055_2014-06-08_18-45-35_260595134347_rgbf000111-resize_4-target.png,1000.0,1.841,2.4290000000000003,0.0,1650,1011,1012,995,1008,529,,545953,38,Man
83,453602,DepthScenes,v2_duration_discrimination,discrim_jsons/Discrim1000_randls_10_rotated.json,http://54.235.29.9/FacialAge/BNav_EC2/DepthDuration/v2_depth_discrimination_MTurk/v2_DepthDiscrim_HTML.html#321,321,1327,576,1366,768,9-17-2022,12-55-2,84,depth_discrimination_stimuli/002949_2014-06-26_15-57-42_094959634447_rgbf000079-resize_1/002949_2014-06-26_15-57-42_094959634447_rgbf000079-resize_1-target.png,depth_discrimination_stimuli/000522_2014-06-08_13-35-06_260595134347_rgbf000244-resize_1/000522_2014-06-08_13-35-06_260595134347_rgbf000244-resize_1-target.png,1000.0,1.8915,2.3715,1.0,1805,1002,1003,996,1000,547,,545953,38,Man
84,453602,DepthScenes,v2_duration_discrimination,discrim_jsons/Discrim1000_randls_10_rotated.json,http://54.235.29.9/FacialAge/BNav_EC2/DepthDuration/v2_depth_discrimination_MTurk/v2_DepthDiscrim_HTML.html#321,321,1327,576,1366,768,9-17-2022,12-55-2,85,depth_discrimination_stimuli/001132_2014-06-17_14-48-54_260595134347_rgbf000100-resize_2/001132_2014-06-17_14-48-54_260595134347_rgbf000100-resize_2-target.png,depth_discrimination_stimuli/001133_2014-06-17_14-49-16_260595134347_rgbf000100-resize_0/001133_2014-06-17_14-49-16_260595134347_rgbf000100-resize_0-target.png,1000.0,3.753,4.2115,0.0,2071,1018,1013,988,1013,555,,545953,38,Man
85,453602,DepthScenes,v2_duration_discrimination,discrim_jsons/Discrim1000_randls_10_rotated.json,http://54.235.29.9/FacialAge/BNav_EC2/DepthDuration/v2_depth_discrimination_MTurk/v2_DepthDiscrim_HTML.html#321,321,1327,576,1366,768,9-17-2022,12-55-2,86,depth_discrimination_stimuli/002323_2014-06-28_20-01-54_260595134347_rgbf000051-resize_4/002323_2014-06-28_20-01-54_260595134347_rgbf000051-resize_4-target.png,depth_discrimination_stimuli/000917_2014-06-09_22-45-29_260595134347_rgbf000149-resize_3/000917_2014-06-09_22-45-29_260595134347_rgbf000149-resize_3-target.png,1000.0,3.7310000000000003,4.1865,1.0,2530,1007,997,1003,1000,570,,545953,38,Man
86,453602,DepthScenes,v2_duration_discrimination,discrim_jsons/Discrim1000_randls_10_rotated.json,http://54.235.29.9/FacialAge/BNav_EC2/DepthDuration/v2_depth_discrimination_MTurk/v2_DepthDiscrim_HTML.html#321,321,1327,576,1366,768,9-17-2022,12-55-2,86,,,,,,,2530,1007,997,1003,1000,570,,545953,38,Man
